0.2847648631057361
0.046693646244506025
-0.10300469558952084
-0.1597113854595336
0.07678733939686005
-0.15359034201570107
-0.18870534372871237
0.09153137361426052
-0.1408579956030766
0.12548386645096438
-0.006059659843324466
-0.1319619343094748
0.07107077831055261
-0.0997382275132275
-0.028455763716421348
0.2103198894389105
-0.23614356000071984
0.10356048307918111
0.10271486568375143
0.06825123241402045
0.0330632559723165
0.03490660096101932
0.035277343494423054
0.10178110670194007
-0.0790395781659714
0.15582161216191356
0.012000862956514183
0.17740660274868322
-0.09940016197329904
0.038029158158891116
0.1444459832451499
0.23883540829472868
0.04818978868869974
-0.009408999851569557
0.019386776189826278
0.06493161546120402
0.07743165770460152
0.0575276673788899
0.08625508387474175
0.1924010906335323
0.10194621222628511
0.1403232690593811
0.0786047997955466
0.10294860585967493
0.1171174424934643
0.4232664295753023
0.4029421519379357
0.3101362400382121
0.2385259816481585
0.25033293072948715
0.25930828533402384
0.17678736793591732
0.20291664046055172
0.1506790008582553
0.16249853006734735
0.17416000114853405
0.20457198756133846
0.03981219992927044
0.12167970318142689
0.039434273344319606
0.18253753899066974
0.07733030677125557
0.16902652460920678
0.07609002586156659
0.10097949403012235
0.23789152980822936
0.19166318634003057
0.30955558885346224
0.21143394877296404
0.19011376032732927
0.17046010489111377
0.24639164177039713
0.22438623415497885
0.19744457700827242
0.20608870361412052
0.19994678759468215
0.2171954536164201
0.17937898194689397
0.3570049433689799
0.26158816509371235
0.339997333851236
0.21752136527882757
0.22251021305744517
0.18563995845343573
0.20676033947467876
0.2511882326797562
0.22767775933124568
0.24859093429966414
0.22657298331726133
0.2036553533675669
0.42122703556731333
0.35813888888888884
0.2633205283656672
0.3044645104595336
0.25997297673037467
0.25174251298255923
0.26809636475842535
0.21566764879202704
0.21992155524761345
0.2138203430755018
