1.0
-0.26317473155224735
-0.032992045115831814
0.6288776005721588
0.11873370857478734
-0.08483289350531649
-0.019660267289599995
-0.11257186542626502
0.5578633580705753
0.2049544689162719
0.15974888499958256
0.5539850513153834
0.1334665868371684
0.09816824922433746
0.1360571041970237
0.06390478325736655
0.46907845941979964
0.27386987179469735
-0.009721240985099078
-0.3622222647575194
0.3770111123267889
0.2602935440095837
0.2128639241040769
-0.08216424037242148
-0.07441578205872443
-0.2664561041735093
0.27710619950341575
0.27996810254346516
0.30356961441039776
0.12623887938381062
0.02454578179563408
0.5666082438357509
0.2609028136459749
0.4320077475721079
-0.15032952398534477
0.3497714505268778
0.11771666869950859
0.06059428349848237
0.027766778259698338
0.32471634132060184
0.4904686710827963
0.5090967165182553
0.30790138385194815
0.20925054259271728
0.19760333210793957
0.17651682565809215
0.17381294956789015
0.6146852098196144
0.3354975175468944
0.48782772586301415
0.25614833472121584
0.2565290400835211
0.17732466552632076
0.21223908988935575
0.2815666294051578
0.45585824783639256
0.3526832616868925
0.29218414324262354
0.1932022619558617
0.1472248149486344
0.1857619271896836
0.6243158833982139
0.7180935542458643
0.3036210430165289
0.2567610722011716
0.29509514269925563
0.29806452607173767
0.28688510076505347
0.24051746367612573
1.0
0.5671224126826657
0.56730798367032
