0.1602
0.065
-0.0674
0.0462
0.0966
-0.0116
-0.053
0.1408
-0.2464
0.2426
-0.1336
0.051
-0.0398
-0.1422
0.2004
0.2862
0.2144
-0.0216
0.0604
0.0044
-0.0362
-0.0482
-0.092
-0.115
0.3194
0.0588
-0.0368
-0.0354
-0.0646
0.1438
0.3236
0.237
0.0476
0.274
0.2596
0.0032
0.0154
0.2064
0.1776
0.1952
0.1848
0.1864
0.1082
0.0382
0.006
0.3514
0.3604
0.31
0.201
0.3594
0.2056
0.139
0.3142
0.0188
0.2136
0.1232
0.186
0.1972
0.2078
0.0886
0.0666
0.1398
0.283
0.0548
-0.0626
0.1348
0.2832
0.3048
0.2056
0.1354
0.031
0.1782
0.1644
0.1258
0.133
0.1446
0.1762
0.0046
0.3602
0.1516
0.3778
0.1832
0.1408
0.076
0.005
0.1792
0.1356
0.1764
0.1368
0.0674
0.3418
0.3156
0.3546
0.3186
0.1862
0.178
0.1806
0.0612
0.0768
0.0578
