1.0
0.0012399999999998428
0.3991200000000152
1.0
0.3714600000000064
0.2179800000000119
0.40872000000000847
0.08559999999999891
1.0
0.5995799999999815
0.5897999999999858
1.0
0.30056000000001065
0.3061600000000117
0.30840000000001044
0.30314000000001073
1.0
0.3989600000000077
0.40738000000001484
0.3025200000000118
0.5898199999999847
1.0
1.0
0.054159999999996544
0.0861999999999954
0.37878000000001505
1.0
0.4692999999999994
1.0
0.4741200000000011
0.47427999999999765
1.0
0.40130000000000776
1.0
0.4870799999999969
1.0
0.36178000000001437
0.3662400000000167
0.2871800000000123
0.46450000000000075
1.0
1.0
0.4674599999999985
0.482079999999997
0.47145999999999993
0.398700000000009
0.26578000000001295
1.0
0.4757999999999999
1.0
0.30548000000000963
0.3807200000000086
0.29100000000001125
0.3335800000000108
0.34146000000001075
1.0
0.654059999999983
0.6427399999999809
0.4040200000000124
0.3038800000000126
0.3193800000000133
1.0
1.0
0.45910000000000073
0.37964000000001386
0.46541999999999917
0.5041599999999948
0.4939599999999943
0.3813200000000129
1.0
0.5893799999999828
0.5968999999999831
